[ 45.   0. 136.  45.  69.   0.   0.   0.  40.  13.  21.   0.  92.   0.
   0.   0.  46.   0. 137.  46.  70.   0.   0.   0.  41.  14.  22.   0.
  93.   0.   0.   0.  47.   0. 138.  47.  71.   0.   0.   0.  42.  15.
  23.   0.  94.   0.   0.   0.]
  
y: tensor([ 45.,   0., 136.,  45.,  69.,   0.,   0.,   0.,  40.,  13.,  21.,   0.,
         92.,   0.,   0.,   0.,  46.,   0., 137.,  46.,  70.,   0.,   0.,   0.,
         41.,  14.,  22.,   0.,  93.,   0.,   0.,   0.,  47.,   0., 138.,  47.,
         71.,   0.,   0.,   0.,  42.,  15.,  23.,   0.,  94.,   0.,   0.,   0.],


hex_str = "80c4a2e691d5b3f7" # constnat, also DES test vector key

y = network(strvec("80c4a2e691d5b3f7"))
print(y)
    